9.639175
136.0653
136.5292
136.0997
136.0825
136.5292
136.1512
136.512
-0.01718213
136.0481
136.0653
139.5704
136.5292
136.9244
136.4948
137.3883
136.9588
-0.01718213
136.134
136.0481
136.134
136.1168
135.6873
136.0997
136.1512
136.1168
136.0653
136.0653
136.0309
136.1168
136.512
136.4948
136.4777
136.4777
5.017182
136.0309
136.4948
136.4777
136.0997
136.1168
136.0309
148.5395
150.3093
145.567
49.2268
46.40894
39.72509
37.42268
33.33333
27.66323
-0.01718213
-0.01718213
12.81787
10.01718
8.281787
7.955327
10.01718
8.608248
8.591065
9.656357
8.934708
128.9003
8.608248
6.649485
6.975945
8.281787
9.656357
10.72165
23.02406
136.4433
136.0825
136.4777
136.0653
136.0309
136.4433
136.0997
136.4605
136.0653
136.0481
136.0481
136.0309
136.4261
136.4261
136.0481
136.4261
136.0481
136.0997
136.4433
136.0825
136.0653
136.0653
136.4777
136.512
136.0653
136.4777
136.0653
136.4089
136.0481
136.0481
136.4261
136.0481
136.0653
136.512
136.0653
136.0309
136.4089
136.0481
136.0653
136.4433
136.0481
136.4261
136.0481
136.0653
136.0481
135.9794
136.4261
135.9622
136.0309
136.4089
136.0653
136.4261
136.0309
136.0653
136.0481
136.0481
136.4261
136.0481
136.0653
136.0481
136.0653
136.512
136.8385
136.4261
136.89
136.512
136.4948
136.5807
136.4948
136.0653
136.0653
136.0309
136.0481
135.9966
136.4433
136.0309
136.0137
136.4089
136.0137
136.0309
136.0481
135.9794
136.0481
136.0653
136.4433
136.0653
136.4605
136.4089
135.9622
136.4089
136.3746
135.9278
136.3918
136.3918
136.0653
136.4089
135.9794
136.3402
136.0309
136.0309
136.3918
136.4605
136.8557
136.3918
136.4433
136.0481
136.0309
140.3436
136.0309
136.4948
136.0997
136.0825
136.4605
136.0481
136.4948
136.0653
136.512
135.9622
136.0481
136.0653
136.4948
136.4948
136.0309
136.0481
136.4605
136.0309
136.4777
136.4777
136.0309
136.4777
136.4605
136.3918
136.0481
136.0481
136.0309
136.0137
136.4948
136.0137
136.4089
136.0309
136.3918
135.9622
135.945
136.4089
136.0137
136.4948
136.4777
136.0137
136.4777
136.4777
136.0137
136.0309
4.054983
5.017182
4.054983
3.402062
136.0309
136.3918
136.0137
136.4089
136.0137
136.0309
136.4777
136.1168
136.1168
136.4433
136.0481
136.0997
136.0481
136.0309
136.0309
136.4605
136.4777
136.4777
136.0997
136.0309
135.9966
9.656357
136.4433
136.4261
136.0481
136.3918
136.4261
136.4261
136.4089
136.4261
136.4433
135.9622
135.9622
136.0653
136.0653
136.0481
136.0825
136.0653
136.0653
136.4605
136.3918
136.323
136.0309
136.0309
136.0309
136.4433
136.0137
136.4433
136.4605
136.4777
136.4777
136.4605
136.4605
136.3746
136.0137
136.0137
136.0309
136.0309
136.4433
136.4605
136.4605
136.0137
136.4433
135.9966
136.4605
136.0137
136.0137
136.4777
136.4777
136.4433
136.1168
136.4777
136.0137
136.0997
136.0997
136.4777
136.4089
136.0137
136.0997
136.0825
136.4777
136.0825
136.4948
136.4777
136.4605
136.0825
136.4605
136.4605
136.4605
136.1168
135.9966
136.4777
81.1512
135.9966
4.707904
56.97594
10.0
16.28866
136.2715
11.06529
136.3058
136.3574
136.3746
135.9794
136.0137
10.70447
4.690722
136.3402
135.9278
136.2027
135.8247
136.2371
-0.01718213
136.3402
136.0309
136.0137
135.9966
135.9966
136.3918
135.9278
136.0137
135.9622
136.3058
136.7354
136.3058
136.3746
135.945
136.3746
135.9278
135.9106
135.945
135.8591
136.3574
136.0137
136.3918
135.9278
136.3746
136.0137
136.0137
136.3746
135.9278
136.2715
136.2887
136.4261
136.3574
135.9966
135.945
136.8213
136.3746
136.3746
135.9622
135.9966
136.0137
135.9278
136.0309
136.3746
136.3918
135.945
136.0137
136.0137
136.7869
135.9966
136.0137
136.4261
136.3574
135.9622
136.0137
136.3746
136.0137
136.1168
136.0137
136.0309
136.0481
136.0137
135.9966
136.0309
136.4605
136.0481
136.3918
136.0137
136.3918
136.3574
135.945
136.323
135.9622
135.9794
136.3574
135.9278
136.3058
135.9794
136.3918
135.9278
136.3746
136.0137
136.0309
136.3918
136.0137
136.0309
136.0481
136.0137
135.9966
-0.01718213
135.9794
136.0137
136.4605
136.0309
135.9622
136.3746
136.0309
136.0309
136.4605
136.0309
136.0137
136.0137
135.9966
136.0309
136.3918
136.0137
135.945
136.3574
136.3746
135.945
136.0137
135.9966
136.3746
136.3574
136.0309
136.3918
135.945
135.945
135.9278
135.9106
135.945
136.3918
136.0137
136.0137
136.0309
136.3918
136.0137
135.9278
135.945
135.945
136.0137
136.3918
135.945
135.9106
136.3746
135.9278
135.9966
136.3746
136.3918
136.0309
136.0309
136.0137
136.4261
136.3918
136.0137
135.8935
136.3746
136.3918
136.4433
135.9278
136.3918
135.9622
135.945
135.945
135.9106
136.0997
136.4777
136.1168
136.1168
136.4605
136.0137
135.9106
136.3746
136.323
135.9966
136.3746
136.3918
136.3918
136.3574
136.0481
136.0309
135.945
136.3746
135.9278
136.0309
136.0137
136.0309
135.9106
136.3746
136.0309
136.4089
135.9966
136.8385
136.0137
136.4261
136.4605
136.3746
136.3746
135.945
135.9278
136.3918
136.4433
135.9966
136.0137
136.0481
136.0997
135.9966
136.4433
136.0481
136.3918
136.4948
136.3746
136.0309
136.0137
136.0137
135.9966
136.0825
135.9966
136.0137
136.0137
136.3574
136.0137
136.4605
136.3918
136.4605
136.0653
135.9966
136.4261
136.3058
136.323
136.4089
136.0137
135.9966
135.9966
136.0137
136.0309
136.4605
135.9966
136.0309
136.0137
136.0309
136.4433
136.0825
136.4605
136.4605
136.0137
136.0137
136.0309
136.0309
135.8591
136.323
5.343643
135.8935
135.9794
135.945
135.8591
135.8763
136.3058
135.8763
135.8763
135.8935
135.9622
135.9794
135.9278
135.9622
135.9278
136.2887
135.945
135.9794
135.8591
135.4983
135.945
145.0344
33.35051
28.5567
23.00687
11.06529
8.934708
6.649485
5.017182
4.690722
6.975945
6.975945
135.1031
135.5326
135.945
4.707904
135.9278
135.945
135.945
6.975945
6.666667
7.955327
135.945
136.0137
136.3058
135.9106
135.9278
19.17526
16.9244
7.972508
5.670103
4.690722
4.690722
135.9794
135.9794
136.0137
135.9966
135.9966
5.034364
136.0137
23.29897
7.628866
8.281787
135.9966
7.628866
135.9622
136.0137
135.5842
135.9278
136.3574
135.9794
136.0137
135.5842
135.9966
135.9966
135.9106
136.0137
135.5498
136.3746
135.9966
135.9966
136.0137
6.340206
5.996563
5.017182
135.9966
136.3918
135.9278
135.9106
135.9106
135.5326
135.9794
136.3746
135.9966
135.9966
135.9966
136.3746
136.3918
135.9966
135.9966
135.945
135.9278
135.9622
135.9278
136.323
4.707904
5.670103
4.054983
4.054983
4.364261
4.054983
5.017182
135.9622
135.9794
135.8763
6.975945
8.591065
8.281787
5.996563
135.9794
135.9794
135.9966
135.8935
136.3746
135.9622
135.9794
135.8763
135.945
135.5498
5.687285
6.975945
5.360825
5.034364
5.687285
4.381443
4.364261
4.381443
4.707904
4.054983
4.054983
5.360825
135.9622
135.9106
135.9278
135.7216
135.9966
135.9106
135.9278
135.5498
135.4639
136.3574
136.3746
135.9794
135.9966
135.9966
136.0137
135.567
135.945
135.945
135.9622
135.9622
4.054983
135.945
136.3918
135.945
135.945
136.3746
136.0137
136.0481
135.9622
5.034364
5.017182
5.034364
135.9278
135.5326
136.4261
135.945
135.5326
-0.03436426
-0.03436426
-0.03436426
-0.03436426
-0.03436426
-0.03436426
-0.03436426
-0.03436426
-0.03436426
-0.03436426
-0.03436426
-0.03436426
-0.03436426
-0.03436426
-0.03436426
-0.03436426
-0.03436426
-0.03436426
-0.03436426
-0.03436426
-0.03436426
-0.03436426
-0.03436426
-0.03436426
-0.03436426
-0.03436426
-0.03436426
-0.03436426
-0.03436426
-0.03436426
-0.03436426
-0.03436426
-0.03436426
-0.03436426
-0.03436426
-0.03436426
-0.03436426
-0.03436426
-0.03436426
-0.03436426
-0.03436426
-0.03436426
-0.03436426
-0.03436426
-0.03436426
-0.03436426
-0.03436426
-0.03436426
-0.03436426
-0.03436426
-0.03436426
-0.03436426
-0.03436426
-0.03436426
-0.03436426
-0.03436426
-0.03436426
-0.03436426
-0.03436426
-0.03436426
-0.03436426
-0.03436426
-0.03436426
-0.03436426
-0.03436426
-0.03436426
-0.03436426
-0.03436426
-0.03436426
-0.03436426
-0.03436426
-0.03436426
-0.03436426
-0.03436426
-0.03436426
-0.03436426
-0.03436426
-0.03436426
-0.03436426
-0.03436426
-0.03436426
-0.03436426
-0.03436426
-0.03436426
-0.03436426
-0.03436426
-0.03436426
-0.03436426
-0.03436426
-0.03436426
-0.03436426
-0.03436426
-0.03436426
-0.03436426
-0.03436426
-0.03436426
-0.03436426
-0.03436426
-0.03436426
-0.03436426
-0.03436426
-0.03436426
-0.03436426
-0.03436426
-0.03436426
-0.03436426
-0.03436426
-0.03436426
-0.03436426
-0.03436426
-0.03436426
-0.03436426
-0.03436426
-0.03436426
-0.03436426
-0.03436426
-0.03436426
-0.03436426
-0.03436426
-0.03436426
-0.03436426
-0.03436426
-0.03436426
-0.03436426
-0.03436426
-0.03436426
-0.03436426
-0.03436426
-0.03436426
-0.03436426
-0.03436426
-0.03436426
-0.03436426
-0.03436426
-0.03436426
-0.03436426
-0.03436426
-0.03436426
-0.03436426
-0.03436426
-0.03436426
-0.03436426
-0.03436426
-0.03436426
-0.03436426
-0.03436426
-0.03436426
-0.03436426
-0.03436426
-0.03436426
-0.03436426
-0.03436426
-0.03436426
-0.03436426
-0.03436426
-0.03436426
-0.03436426
-0.03436426
-0.03436426
-0.03436426
-0.03436426
-0.03436426
-0.03436426
-0.03436426
-0.03436426
-0.03436426
-0.03436426
-0.03436426
-0.03436426
-0.03436426
-0.03436426
-0.03436426
-0.03436426
-0.03436426
-0.03436426
-0.03436426
-0.03436426
-0.03436426
-0.03436426
-0.03436426
-0.03436426
-0.03436426
-0.03436426
-0.03436426
-0.03436426
-0.03436426
-0.03436426
-0.03436426
-0.03436426
-0.03436426
-0.03436426
-0.03436426
-0.03436426
-0.03436426
-0.03436426
-0.03436426
-0.03436426
-0.03436426
-0.03436426
-0.03436426
-0.03436426
-0.03436426
-0.03436426
-0.03436426
-0.03436426
-0.03436426
-0.03436426
-0.03436426
-0.03436426
-0.03436426
-0.03436426
-0.03436426
-0.03436426
-0.03436426
-0.03436426
-0.03436426
-0.03436426
-0.03436426
-0.03436426
-0.03436426
-0.03436426
-0.03436426
-0.03436426
-0.03436426
-0.03436426
-0.03436426
135.5498
135.4639
135.4639
135.5155
135.4467
135.4811
135.0859
135.5155
135.0515
135.5155
135.5155
135.8591
135.0859
135.5326
135.4296
135.4296
135.567
135.1546
135.6186
135.6701
135.5842
135.2406
135.5842
135.567
135.6186
135.2406
135.6873
135.6357
135.5842
135.6186
136.0137
135.6701
8.934708
12.47423
6.975945
135.2749
135.6701
135.7045
135.6014
135.1546
135.2234
8.264605
5.034364
4.364261
4.037801
4.037801
4.707904
4.054983
135.6014
3.38488
2.749141
3.38488
3.728522
7.938144
4.054983
2.749141
2.113402
3.092783
2.749141
2.439862
2.42268
2.731959
2.749141
2.42268
2.42268
2.405498
3.075601
2.749141
2.749141
2.405498
2.42268
2.42268
135.567
135.6014
135.6529
12.81787
135.4639
135.5842
135.1031
135.6014
135.567
136.0309
135.6529
135.6014
135.4467
135.4639
135.4639
135.4811
135.1203
135.5498
135.5498
8.608248
-0.01718213
-0.01718213
-0.01718213
-0.01718213
11.04811
4.054983
3.092783
10.34364
-0.01718213
-0.01718213
-0.01718213
-0.01718213
-0.01718213
3.728522
5.360825
5.034364
4.381443
135.567
3.402062
3.058419
135.567
135.567
135.1375
135.5842
135.5842
135.5842
135.5498
135.567
135.5842
135.4639
135.5842
135.567
135.4811
4.381443
135.4983
135.567
135.567
135.5842
135.5842
135.189
135.6186
135.6014
135.1718
3.728522
4.037801
2.42268
2.42268
135.1203
135.4811
135.4811
135.1203
135.5155
135.9622
135.9278
135.5498
135.6014
135.4983
135.5326
135.6014
135.945
135.5155
135.5155
135.5155
135.5155
135.5326
135.5155
135.6186
135.6186
135.6014
135.5842
135.6186
135.189
135.6529
135.6186
135.6186
135.6357
135.6186
135.6357
2.42268
2.42268
135.6186
135.6529
135.6357
135.189
135.5842
135.6357
135.6186
135.2577
135.6357
135.6529
135.2234
135.6186
135.6529
135.6701
135.5842
135.9966
5.343643
2.731959
2.731959
2.079038
2.079038
2.09622
3.075601
6.323024
2.439862
3.092783
3.419244
2.749141
3.728522
2.749141
2.439862
135.189
135.6529
135.6357
135.2749
135.6701
135.2749
135.6357
135.1718
135.6529
135.6529
135.6873
135.6529
135.6701
2.766323
136.4605
135.6529
2.749141
3.728522
4.364261
135.6357
135.6529
135.6529
5.343643
136.0481
135.6014
135.2234
135.6701
136.0309
135.567
135.6873
135.6873
135.6529
3.728522
135.5842
135.6357
135.2062
135.5842
135.6529
135.5842
135.6186
135.2062
135.7045
135.567
135.4983
135.8419
6.649485
135.4811
6.323024
135.6014
135.4811
135.6014
135.6014
135.6701
135.6873
135.2234
135.6701
135.5842
135.6014
136.0309
135.6701
135.5842
135.6529
135.6873
135.6701
135.6529
135.2234
135.6529
135.5842
135.6529
135.6701
135.6701
135.6873
135.6529
135.6873
135.6529
135.6529
135.6873
135.6529
135.6529
135.1375
135.5155
135.4639
135.4983
135.5498
135.6014
135.5842
135.6529
135.6701
135.2062
135.2234
135.6701
8.591065
9.295532
135.6014
135.5842
135.5498
135.4983
135.6014
135.5842
135.5842
135.1375
135.6014
135.5842
135.6014
135.567
135.1375
136.0137
135.6529
135.2577
135.7045
135.6357
135.6014
135.567
3.058419
2.42268
2.113402
2.079038
2.113402
3.38488
3.075601
3.728522
135.6529
135.567
135.6873
135.6701
135.6186
135.2062
135.6873
135.5842
9.656357
135.5498
135.567
135.5842
135.5155
135.5842
135.6186
135.6014
135.5842
135.6186
135.2406
135.1718
135.5326
135.5155
135.6529
135.6014
135.5842
135.7045
135.189
135.6701
135.6701
135.2234
135.6014
135.945
135.5842
135.1375
135.5842
135.6014
6.666667
6.649485
6.632302
6.323024
22.06186
15.27491
23.28179
6.340206
7.955327
10.36082
5.034364
3.092783
3.402062
4.690722
4.707904
6.323024
9.656357
4.381443
4.707904
4.364261
4.707904
4.690722
135.6701
135.6701
135.7045
135.6701
135.7045
135.6873
135.6873
135.7045
135.7045
135.7045
135.6873
135.6873
135.6701
136.1168
135.6873
135.6873
135.6701
135.2406
135.6873
135.6873
135.756
135.6701
135.6873
135.756
135.7045
135.756
135.6701
135.6701
135.6529
135.7045
135.6357
135.6701
135.2577
135.7045
135.6873
135.7045
135.7045
135.7216
135.7216
135.7216
135.7045
135.7216
4.072165
4.690722
135.6701
135.6873
135.6529
135.2749
135.7388
135.7045
135.7045
135.7216
135.7216
135.7388
135.7388
135.7045
135.7045
135.6873
135.756
135.7216
135.8076
135.7388
135.7216
135.7388
135.7388
135.7216
135.756
135.7216
135.7045
135.7388
135.7216
135.7388
135.7045
135.6357
135.7388
135.6529
135.6701
135.6014
135.6186
135.2406
135.7216
135.7216
135.7045
135.7216
135.6186
136.0825
135.7045
135.7216
135.7216
135.2406
135.2921
135.7216
135.6186
135.6014
135.6014
135.6014
135.6014
135.5842
135.6873
135.6186
135.6186
13.14433
135.7904
135.6701
135.6357
135.6873
135.6873
135.6529
136.0481
135.6701
135.6873
5.034364
135.6529
135.7045
135.6873
135.7216
135.7045
135.6873
197.0103
196.5636
196.9931
2.09622
7.302405
-0.01718213
5.051546
196.9759
196.9931
196.9244
196.5636
2.731959
196.4948
196.9759
196.9759
196.4948
196.9416
196.89
196.4948
3.728522
3.402062
2.439862
5.360825
-0.01718213
-0.01718213
3.728522
-0.01718213
196.4261
4.707904
4.725086
2.749141
3.075601
3.075601
196.8728
196.8041
3.728522
5.687285
-0.01718213
3.075601
-0.01718213
196.9072
196.89
196.9244
196.9244
197.3196
197.3883
196.9588
196.9759
196.8557
196.9244
196.4948
7.302405
2.113402
196.8557
196.8728
196.8728
196.8557
197.268
196.8557
196.8728
196.89
196.8557
196.9244
196.8728
196.9588
197.4055
196.6323
196.5979
196.9588
196.9416
196.512
196.89
196.89
196.89
196.8728
196.9588
196.9759
196.9588
197.0619
197.0447
196.5636
196.9588
196.89
196.5292
196.512
196.9759
196.9072
196.4433
196.8385
196.9244
197.3024
196.8728
196.8728
-0.01718213
-0.01718213
-0.01718213
-0.01718213
-0.01718213
-0.01718213
-0.01718213
-0.01718213
-0.01718213
-0.01718213
-0.01718213
-0.01718213
-0.01718213
-0.01718213
-0.01718213
-0.01718213
-0.01718213
-0.01718213
-0.01718213
-0.01718213
-0.01718213
-0.01718213
-0.01718213
-0.01718213
-0.01718213
-0.01718213
-0.01718213
-0.01718213
-0.01718213
-0.01718213
-0.01718213
-0.01718213
-0.01718213
-0.01718213
-0.01718213
-0.01718213
-0.01718213
-0.01718213
-0.01718213
-0.01718213
-0.01718213
-0.01718213
-0.01718213
-0.01718213
196.8728
196.8557
196.8557
196.8728
196.8041
196.8385
196.8385
196.8557
197.2337
196.8385
196.8728
196.8557
196.8728
196.8557
197.3196
197.2852
196.89
196.8385
196.89
196.8728
196.9072
196.9416
196.89
196.9244
196.89
196.89
196.89
196.89
196.9072
196.9244
197.2509
196.9072
196.8557
196.8557
196.8213
196.7869
196.8041
196.8041
196.8213
196.8557
196.8385
196.8385
196.8385
197.3196
196.9244
196.89
196.8557
196.8041
197.1821
197.2165
196.7354
196.7526
196.7869
196.7869
197.1306
197.1134
196.7182
196.7182
197.1649
196.7354
196.7354
196.7354
197.1649
196.7354
196.7526
196.7526
196.323
196.7526
196.7182
197.2165
196.2887
196.7182
196.7354
196.7526
196.7354
196.6667
196.6667
196.701
196.6839
197.1306
196.8385
196.8041
197.1478
-0.03436426
-0.03436426
-0.03436426
-0.03436426
-0.03436426
-0.03436426
-0.03436426
-0.03436426
196.3402
196.8041
197.1306
197.0962
196.7354
197.1134
196.7182
197.1649
196.7182
196.701
197.0103
197.0103
197.0275
197.0275
196.6667
196.6323
197.0275
197.0275
197.0447
196.6495
196.6323
196.6151
196.6495
196.6667
196.6667
197.1134
197.1306
197.079
197.0619
197.0619
196.9931
197.0275
197.079
196.6151
197.079
197.079
197.0275
197.0275
197.079
197.0962
197.0962
196.6667
197.0962
197.0962
197.1134
196.7354
196.701
196.6839
196.6667
197.079
196.9931
196.5636
197.0103
196.9244
16.95876
196.5464
197.0103
196.6667
197.0103
197.079
196.5807
196.6323
196.6323
197.079
197.079
197.1306
197.0619
197.0619
197.079
197.0619
197.0103
196.6495
196.6495
196.6495
196.6323
197.079
196.6323
196.9759
196.9759
196.5464
196.9931
196.9931
197.0275
197.4055
197.4055
197.0275
196.9759
196.9931
196.5636
197.4227
197.0103
196.9244
196.9416
196.9416
197.3711
196.5807
196.9588
196.9759
197.079
196.5979
196.5292
196.4948
196.5292
196.9588
196.512
196.4433
197.2852
196.8728
196.8557
196.6667
196.2543
196.2543
196.2543
196.2371
196.1684
196.2543
196.7182
196.3574
196.7182
196.3402
196.7526
196.3058
196.6839
196.6667
196.6495
196.2199
196.2199
196.2199
196.2027
196.2371
196.6151
196.2371
196.2199
196.6495
196.6839
196.701
196.701
196.6667
196.6667
196.3402
196.3574
196.6839
196.701
196.2715
196.6667
196.2371
196.2199
196.6151
196.2199
196.2199
196.6151
196.5807
196.6151
196.2543
196.6667
196.6151
196.2027
196.701
196.6151
196.2371
196.2027
196.6495
196.6839
196.8041
196.3058
196.323
196.3058
196.3058
196.7698
196.323
196.3058
196.323
196.4089
196.8557
195.945
196.3918
196.7698
196.8213
196.4261
196.7869
196.3746
196.7698
196.4089
196.3746
196.8728
196.89
196.89
196.8557
196.4089
196.8728
196.512
196.8557
196.4261
196.8213
196.8728
196.4089
196.8385
196.4948
196.512
196.8557
196.4433
196.5292
196.0481
196.4948
196.89
196.512
196.9244
196.4948
196.8728
196.5292
196.8213
196.4089
196.4261
196.4433
196.7869
196.7869
196.3574
196.4261
196.323
196.3402
196.6839
196.701
196.2715
196.701
196.2543
196.1856
196.6839
196.2543
196.701
196.7182
196.2715
196.2543
196.2715
196.2543
196.6151
196.2199
196.2715
196.5979
196.2199
196.6151
196.1684
196.1512
196.1684
196.512
196.1512
196.6151
196.1512
196.1856
196.5979
196.5807
196.5807
196.5979
196.6323
196.5636
196.5292
196.1512
196.134
196.0997
196.5807
196.2543
196.134
196.134
196.4605
196.0653
196.0481
196.0653
196.134
196.1168
3.402062
196.1856
196.512
196.5807
196.134
196.512
196.0997
196.1684
196.134
196.0997
196.1684
196.5464
196.4605
196.0825
196.0481
195.9966
196.0825
196.0825
196.0825
196.1684
196.2715
196.6667
196.6151
196.3058
196.6323
196.1856
196.1856
196.1684
196.6151
196.2199
196.1856
196.2027
196.2715
196.2715
196.3058
196.701
196.2027
196.6323
196.6151
196.2371
196.2715
196.3058
196.2371
196.2199
196.2543
196.7182
196.6667
196.323
196.2715
196.6323
196.6323
196.2371
196.2887
196.3574
196.323
196.6839
196.6667
196.323
196.2715
196.3402
196.3402
196.3574
196.2887
196.7526
196.3058
196.2887
196.2715
196.2887
196.3746
196.4089
196.3574
196.2715
196.2543
196.3746
196.4261
196.3918
196.3746
196.4089
196.3574
196.3746
196.3402
196.2887
196.3918
196.3574
196.8041
196.3746
196.3574
196.3574
196.2715
196.3058
196.2887
196.7182
196.2887
196.6495
196.7526
196.8385
196.4948
196.8385
11.40893
65.12028
194.9485
61.99313
64.96564
194.9485
195.0515
195.1203
195.1375
195.567
195.5155
195.0515
195.4983
195.3952
195.3952
195.4983
195.4124
194.9656
195.0515
195.0687
194.9656
195.4296
194.9656
194.9485
195.0515
195.3436
195.3265
195.3265
194.8797
194.8797
194.9141
195.3265
194.9485
194.8797
194.8969
195.3608
195.3265
194.9656
195.3265
194.8969
2.113402
195.3608
194.9656
195.3436
195.0
195.4124
195.0859
194.9485
194.9656
195.3952
194.9828
194.8969
194.8797
194.8797
195.2406
194.8454
195.2921
195.3265
195.3265
194.8625
194.8969
195.3265
195.3436
195.3093
194.9485
195.3436
195.3265
194.9828
194.9485
194.9313
195.3265
194.9141
195.3265
195.2577
195.3436
195.3265
194.8797
194.8797
195.2406
195.2234
194.7938
194.7079
195.189
195.2749
194.8282
195.6529
194.8625
194.8969
195.3952
195.3608
195.3436
194.8969
194.8969
195.2577
195.2406
194.811
194.811
195.2406
194.8454
195.2406
194.8454
194.7938
194.4158
33.38488
6.649485
11.40893
3.402062
3.058419
3.058419
2.749141
6.340206
6.993127
195.8076
195.2406
195.0687
195.0515
3.71134
-0.01718213
2.09622
3.075601
3.402062
3.728522
3.075601
3.075601
4.054983
3.075601
3.402062
3.402062
194.8797
194.8454
194.9313
195.2921
194.8625
194.8797
195.3952
195.3093
194.9485
194.9828
194.9828
194.9828
194.9656
194.9656
194.9485
194.9313
195.4639
195.4124
195.1203
195.0687
195.0515
194.9313
194.9828
195.378
194.8969
194.9828
194.9828
194.9485
194.8969
194.8282
194.8797
194.8797
194.3986
195.2406
194.8454
194.8454
194.7938
194.811
194.7766
194.8454
194.8625
194.8625
194.8454
195.0
195.0515
195.0172
195.3265
194.9656
195.4124
194.9656
194.9828
194.8797
194.8797
194.9141
195.0344
194.5876
195.0344
195.0687
195.0859
194.6564
195.1546
195.1718
195.2062
194.7594
194.7079
195.0515
194.5189
194.8454
194.8625
194.8454
194.8454
194.4158
194.8454
194.8625
194.7594
194.9313
194.8454
194.8454
194.5704
194.5017
194.8625
195.2062
194.7594
194.7938
194.7423
194.7594
194.7594
194.7938
194.7938
194.7766
194.3814
194.8454
194.7766
194.9141
194.9141
194.8969
194.8625
194.4502
194.9313
194.5017
194.9485
194.4845
194.9141
194.8625
194.8625
194.9485
194.4845
194.9313
194.4158
194.7766
194.7594
194.7938
194.7594
195.3952
2.09622
-0.01718213
-0.01718213
194.8797
194.9313
194.8797
194.8969
194.8454
194.7766
194.9141
194.9656
194.9656
194.8454
194.8625
9.673539
6.993127
3.402062
194.7423
194.7594
3.402062
-0.01718213
194.6392
194.6735
194.6907
194.6392
194.6735
194.6735
194.8454
194.7766
194.3814
194.7594
194.7594
194.7079
-0.03436426
194.2955
194.7423
194.2955
194.7251
195.2234
194.8282
63.2646
195.4639
195.0
194.9141
194.9313
194.8625
194.8625
194.8282
195.189
194.5189
195.3093
195.2406
194.8454
194.8969
195.0344
195.4296
195.3093
194.9141
194.8454
194.811
194.8282
194.8282
194.8282
194.9313
195.0344
194.9141
194.8797
194.8454
194.8797
194.9141
194.9313
194.9141
194.9313
194.8969
194.8454
195.2921
194.9141
194.9485
195.3093
195.2921
194.9313
194.4673
194.8282
194.8282
194.7938
195.2577
194.9141
194.9313
194.9485
195.0172
195.0172
195.0515
195.378
194.9656
194.8797
194.8797
195.3608
195.3608
194.9141
194.9313
195.0172
194.9485
194.9656
194.9656
194.8969
194.8454
194.8797
195.3608
194.9141
194.9656
194.8797
195.3265
194.8969
194.9141
194.8969
194.8282
195.2406
194.811
194.8797
